+51917318711
+51903525351
+51975526422
+51971531533
+51935179929
+51969602153
+51910797018
+51921109473
+51983028484
+51958376157
+51940348190
+51954325604
+51973562508
+51936849458
+51925149925
+51928992334
+51908791917
+51965420267
+51984717571
+51936835861
+51922768801
+51993318979
+51915159106
+51983926280
+51930685262
+51947053541
+51990719980
+51956289781
+51945094528
+51996003253
+51952089228
+51972219461
+51995540484
+51900164459
+51921469273
+51935128817
+51955313269
+51902830274
+51913401062
+51932135355
+51982973018
+51957194773
+51934385047
+51989477716
+51930588177
+51961037429
+51926253650
+51902742756
+51989610749
+51982774027
+51978371011
+51931008224
+51924054429
+51930417727
+51953184481
+51900004593
+51975115967
+51953525876
+51982531853
+51995951891
+51918501303
+51981421829
+51969330072
+51984320774
+51983259758
+51995068094
+51959373198
+51912671381
+51950629489
+51979475010
+51961922159
+51918579758
+51959892177
+51910912067
+51944329223
+51913575157
+51916188842
+51912873370
+51944846960
+51919469508
+51919508242
+51912189354
+51931141298
+51970281570
+51965636542
+51951269225
+51936241912
+51928358270
+51931286679
+51961942847
+51971912891
+51982624365
+51917170874
+51904987541
+51983746222
+51901445021
+51900862745
+51921176379
+51901932044
+51987759819
+51941125075
+51981092523
+51979060760
+51910838884
+51940899672
+51960640851
+51922727174
+51939555829
+51916557143
+51941418353
+51918480875
+51901090699
+51986303906
+51970562012
+51987880713
+51984149516
+51985463871
+51966474251
+51918679732
+51928470306
+51927574928
+51948189723
+51903107467
+51907971593
+51945751763
+51927140926
+51965614870
+51929157216
+51928831540
+51987552830
+51956248610
+51943563937
+51926197085
+51910067988
+51944389488
+51970993149
+51925411423
+51958391307
+51943942511
+51921381861
+51975625834
+51926121692
+51910483354
+51917835608
+51902939538
+51940634473
+51933952135
+51936796772
+51995169984
+51972743919
+51954741715
+51927242088
+51979989524
+51965721050
+51998759900
+51931683854
+51961662101
+51922418122
+51988957414
+51943225974
+51967488917
+51991938717
+51900071162
+51951868640
+51981978441
+51957059131
+51986126938
+51901753051
+51919160270
+51920022577
+51910983590
+51900670157
+51992175516
+51998713501
+51946054978
+51976905026
+51902338206
+51994135821
+51915102621
+51918376433
+51921025169
+51944196173
+51960579003
+51971775737
+51900850922
+51908525837
+51981400126
+51980708309
+51928315548
+51941428168
+51988531270
+51978535958
+51916147281
+51906331426
+51927288065
+51977342244
+51978869058
+51901567487
+51962893518
+51903515910
+51900146624
+51931559093
+51910707502
+51927300190
+51928335425
+51977775801
+51999059269
+51944114101
+51962968388
+51902284866
+51936301799
+51925633558
+51919715319
+51948437596
+51907128832
+51907301074
+51980454429
+51994258127
+51928208936
+51954292224
+51936461432
+51927907749
+51900487505
+51922504723
+51942896903
+51976922943
+51994689644
+51927543299
+51959094036
+51912406542
+51960280429
+51947894746
+51951118461
+51950457649
+51912054570
+51976433611
+51902952958
+51958409677
+51913879457
+51969553647
+51912258297
+51988217636
+51967670304
+51954874598
+51917803229
+51912956770
+51968236452
+51977649850
+51958230636
+51953182029
+51949986752
+51904713242
+51981834439
+51929357963
+51927588502
+51929027743
+51918049369
+51917568620
+51917528794
+51926397599
+51924027218
+51958434782
+51950860347
+51931174234
+51929763664
+51925990619
+51995201436
+51954263432
+51955249011
+51946595248
+51927892173
+51956527572
+51984446350
+51912760104
+51916071768
+51969804162
+51977683686
+51919508217
+51904318250
+51907258473
+51940352551
+51991799167
+51938162718
+51900904056
+51954991085
+51903099812
+51916422759
+51917368129
+51986484332
+51955414422
+51921898854
+51934301213
+51900583226
+51942449437
+51989917077
+51991162591
+51973089719
+51988694420
+51913295199
+51916845771
+51901240941
+51914845611
+51981343394
+51920020206
+51990230064
+51912151662
+51965751628
+51916298459
+51932037498
+51916631187
+51984944706
+51935637420
+51982552838
+51939984046
+51982251693
+51964892050
+51935630696
+51912688883
+51939270227
+51930158719
+51945983571
+51901512405
+51977165414
+51931425790
+51989687228
+51957046228
+51907735522
+51947152941
+51900628788
+51923161831
+51989981313
+51917652949
+51967205482
+51972455296
+51917716529
+51913522606
+51914227344
+51952326666
+51977633412
+51901787605
+51991666323
+51973654944
+51987318196
+51924774679
+51955102373
+51940532901
+51927142199
+51966880336
+51977189935
+51986328741
+51936055190
+51914526898
+51997753336
+51900518212
+51974673311
+51969786637
+51987273306
+51999968557
+51968253118
+51928321934
+51983223113
+51953667303
+51934736077
+51910586502
+51914095328
+51933524288
+51908567950
+51928242038
+51931844456
+51934953265
+51901120540
+51910885965
+51932729341
+51960658953
+51904244634
+51907262301
+51942921860
+51996994638
+51948081310
+51982452301
+51943358832
+51932082938
+51991883277
+51921900950
+51970590308
+51997857102
+51968243010
+51921688124
+51958079498
+51914923007
+51906085891
+51964389636
+51940175703
+51901428099
+51964347797
+51934124168
+51989473179
+51934309733
+51984784989
+51936005530
+51929335079
+51982205000
+51914777854
+51955092487
+51912272384
+51930223289
+51947547340
+51991254124
+51952760226
+51957065482
+51914282888
+51918164929
+51900123739
+51931749820
+51904506109
+51958723792
+51933088486
+51971026873
+51960192931
+51910353927
+51959778900
+51986172597
+51910044926
+51902110252
+51921826707
+51904850432
+51988595083
+51947569394
+51960680040
+51946375327
+51985714045
+51954524520
+51982588617
+51955960927
+51990102719
+51977178639
+51914819862
+51927785315
+51928826858
+51918244762
+51937519291
+51918090372
+51933160623
+51982860478
+51924351024
+51979399131
+51904769252
+51972223549
+51933875060
+51931256440
+51901772067
+51988795031
+51937239922
+51988232133
+51907500166
+51925462967
+51916016283
+51907897970
+51922832248
+51995887167
+51958621577
+51968412247
+51982686456
+51907177487
+51930505421
+51953990685
+51971784908
+51918001255
+51965261784
+51997659486
+51989458784
+51944986201
+51976657075
+51980901197
+51906088894
+51913673294
+51997776955
+51950575621
+51954278054
+51922627915
+51997424072
+51976169195
+51922830489
+51957918715
+51993675193
+51918626670
+51939933555
+51973483995
+51937329630
+51974309729
+51942794924
+51973533105
+51977337759
+51904860367
+51953761068
+51925439868
+51902172873
+51930664634
+51961792317
+51930269665
+51999611618
+51931786198
+51916917233
+51969636632
+51915391186
+51934690623
+51904433118
+51927077751
+51925167819
+51930145128
+51914594917
+51988157629
+51935683988
+51902871656
+51960397026
+51935567218
+51981480776
+51927167549
+51929209158
+51933331268
+51970301187
+51921588368
+51934985500
+51959745721
+51967075718
+51975009291
+51990412590
+51993763141
+51906472269
+51928125047
+51950599383
+51935241189
+51974857008
+51965493806
+51976698133
+51956295416
+51956307754
+51938451263
+51926277072
+51939960299
+51977605696
+51969834521
+51932560342
+51923896894
+51922933188
+51944727816
+51984422201
+51918346972
+51987651702
+51999913337
+51973532862
+51960996663
+51951061538
+51906890057
+51935493204
+51982742868
+51957991416
+51901792133
+51977220682
+51997302804
+51996102616
+51922727844
+51914118863
+51910039238
+51906230322
+51913859921
+51967804330
+51913816775
+51910853591
+51989948098
+51941889493
+51971980297
+51955435373
+51913614168
+51927837617
+51931069849
+51999607335
+51982186376
+51942517192
+51957376419
+51922671337
+51902271755
+51925176829
+51932498140
+51923234117
+51930369242
+51921194640
+51957060009
+51998380121
+51925534775
+51947162907
+51936085511
+51917335593
+51973368492
+51936901996
+51961373557
+51979126370
+51948242626
+51939434248
+51924094421
+51901652919
+51967741695
+51946440958
+51929466249
+51942913886
+51933240521
+51934413282
+51933130197
+51960777587
+51945039873
+51913127035
+51934151149
+51907304375
+51981019358
+51984005236
+51925148103
+51972493257
+51964665026
+51927078349
+51964770996
+51901384692
+51995419703
+51974842631
+51900103612
+51904311983
+51943058046
+51928547429
+51928002507
+51936931503
+51917381123
+51987811275
+51943646241
+51917625998
+51921888703
+51914876003
+51927663926
+51956886491
+51995188881
+51935747205
+51901009917
+51987220597
+51919680594
+51981011049
+51940860532
+51953316605
+51935243585
+51918668143
+51956574979
+51935897789
+51927771094
+51925444667
+51935291926
+51984670448
+51985202683
+51972150612
+51997860242
+51970541318
+51961762137
+51957132750
+51906454348
+51930519271
+51954925795
+51927955328
+51991755419
+51925652928
+51948709189
+51984835261
+51925592675
+51951509193
+51979921391
+51969560557
+51926497084
+51986566772
+51933932157
+51974624335
+51912585069
+51922020558
+51903274231
+51936484400
+51929974067
+51929290895
+51918028032
+51940077381
+51960914335
+51918640523
+51900762325
+51913659988
+51942174090
+51982406083
+51926015155
+51932237785
+51914057383
+51934545372
+51933784733
+51982249977
+51929750518
+51938288664
+51946355734
+51928980708
+51938742786
+51953588694
+51996814454
+51943951917
+51949090553
+51918866574
+51932355113
+51916352508
+51960084483
+51918766153
+51935726993
+51945870683
+51928776377
+51900477637
+51988339698
+51944395504
+51955255764
+51928183793
+51918844783
+51946160527
+51988274439
+51941052602
+51900314594
+51995001938
+51913522915
+51914903657
+51993445549
+51921558705
+51910801933
+51952539277
+51973293063
+51996061899
+51906830762
+51939904667
+51904270573
+51902248645
+51945837286
+51942625870
+51947372957
+51916729456
+51963499538
+51998998128
+51975477116
+51987079971
+51925926856
+51946131904
+51900378153
+51917472175
+51930691809
+51981170223
+51970503285
+51993959994
+51928176096
+51989552614
+51995611181
+51930520726
+51903313146
+51965646105
+51926988426
+51945635530
+51940350075
+51974534358
+51953626363
+51952020064
+51965348852
+51907418856
+51903205299
+51928417613
+51948267517
+51969924276
+51944623583
+51916658715
+51901653521
+51953008648
+51921684721
+51995896758
+51961456224
+51961821828
+51924647788
+51981849673
+51956951542
+51962702388
+51989263021
+51995920625
+51900532797
+51906140597
+51952348027
+51908580096
+51960360148
+51992781955
+51955472766
+51951254758
+51983608437
+51951476627
+51949933090
+51996770866
+51935113529
+51964147743
+51921972833
+51963016772
+51933960833
+51942627697
+51952548885
+51901130420
+51971732525
+51901591879
+51918070423
+51930810034
+51923694115
+51922494071
+51928526918
+51945433594
+51988212173
+51906805076
+51966386949
+51936650368
+51916453476
+51933326037
+51918886380
+51914428623
+51927998895
+51993591179
+51945167712
+51931731966
+51932820906
+51923923726
+51993225974
+51906537437
+51945408194
+51963630601
+51912340991
+51921121795
+51990193787
+51976204998
+51904933364
+51902422728
+51984626777
+51926180142
+51965666400
+51979568362
+51925928803
+51904050046
+51946736104
+51927907915
+51912257246
+51973311028
+51926776893
+51980513431
+51912073920
+51973726819
+51982331395
+51936073705
+51984217308
+51934921203
+51986472321
+51929078850
+51951338123
+51948496060
+51931308951
+51976029302
+51955152391
+51930503188
+51947212464
+51910736671
+51907889709
+51930864057
+51900766319
+51929658024
+51991198622
+51969644440
+51997350157
+51917875384
+51941659703
+51900462120
+51942872227
+51977757614
+51990592676
+51989254410
+51960549859
+51977833544
+51918221581
+51970123209
+51946532862
+51949669959
+51930348470
+51901038761
+51988407125
+51961837913
+51991479015
+51918586917
+51902931635
+51955183654
+51992114396
+51947644276
+51910704283
+51998260434
+51910399642
+51987961464
+51987318442
+51901309972
+51937532556
+51960991914
+51940491989
+51918306750
+51962002270
+51931195562
+51979774900
+51967499449
+51985356246
+51950266079
+51916139976
+51968957039
+51903112359
+51979785398
+51964808185
+51996959954
+51907799995
+51922432927
+51960533008
+51984537782
+51937394649
+51930653187
+51931418381
+51903136672
+51927534767
+51922230388
+51931573802
+51982405572
+51973867076
+51917102076
+51982877562
+51935715452
+51925085817
+51922590686
+51908679895
+51934914486
+51935233417
+51990478126
+51953766137
+51923386827
+51936497959
+51957300260
+51993471832
+51986650047
+51994916154
+51993749285
+51972861767
+51917033647
+51939135049
+51930991150
+51973971549
+51925203557
+51990829893
+51989826335
+51944047019
+51954562790
+51935358993
+51954988346
+51928478985
+51955881801
+51924306917
+51967826897
+51966378021
+51991111289
+51931086493
+51986008840
+51902354448
+51908955092
+51981688822
+51919006662
+51943242689
+51969101062
+51900368591
+51959917052
+51970509865
+51980637646
+51993259965
+51928230463
+51925819212
+51987436252
+51962703659
+51940467697
+51997839070
+51964888705
+51982701410
+51902286073
+51922002552
+51984299886
+51929330384
+51984969464
+51982798911
+51908774144
+51940282463
+51937559660
+51950303724
+51983488027
+51921522133
+51987589443
+51997828625
+51912562231
+51948195289
+51943689681
+51910452174
+51963089462
+51989768115
+51969322777
+51984870583
+51918061138
+51967993673
+51928212409
+51903452856
+51923693513
+51935263507
+51930673729
+51962621527
+51929465346
+51906600630
+51917515573
+51940300065
+51991746759
+51993567551
+51998252465
+51901030864
+51921428435
+51982314874
+51960869477
+51949152019
+51989325333
+51907062516
+51982328967
+51900680061
+51901745137
+51927199431
+51925484226
+51983557534
+51954674357
+51989863736
+51901190021
+51971106846
+51962836841
+51978319434
+51964958327
+51932118285
+51976970015
+51925938059
+51947295702
+51910288636
+51945424506
+51927015819
+51926754306
+51903592652
+51910883706
+51940381930
+51918330332
+51938221416
+51997682595
+51976205552
+51914016513
+51964321584
+51930232264
+51942084706
+51928319395
+51924539696
+51941606689
+51975599634
+51901910340
+51931365600
+51986087821
+51996007350
+51962659481
+51956678040
+51957795110
+51947407963
+51918552796
+51988132349
+51927281667
+51987021085
+51934533232
+51992329156
+51995164874
+51918420940
+51903446701
+51981109552
+51989493133
+51933266999
+51959312847
+51951961113
+51953371787
+51945109720
+51974029954
+51916484403
+51952737811
+51924867500
+51906548811
+51925011901
+51959380617
+51927169107
+51901442123
+51941516673
+51991756160
+51992403232
+51944676092
+51994689255
+51944940206
+51932952682
+51926277305
+51983245022
+51932281185
+51933689634
+51941154443
+51966434612
+51914773567
+51945679142
+51995176380
+51913897106
+51929033692
+51944980170
+51978962186
+51910922989
+51953719280
+51928426587
+51979241364
+51929192859
+51937305975
+51972683087
+51913113534
+51953698183
+51972281605
+51975401720
+51982655147
+51979029030
+51930774055
+51917003049
+51999990072
+51918723859
+51904452438
+51967313265
+51913511099
+51982685789
+51983157771
+51973877006
+51935758661
+51901673538
+51932657629
+51935512661
+51939987663
+51943700398
+51946111841
+51942418112
+51935010571
+51917779025
+51955712170
+51971536220
+51966448686
+51913206207
+51917665239
+51977768298
+51952873104
+51968395537
+51983793063
+51995541733
+51939038184
+51910267397
+51926592360
+51902980920
+51947149580
+51952436235
+51941891643
+51917867051
+51965304723
+51991751431
+51902551853
+51901753347
+51912930454
+51968032000
+51956131364
+51902483286
+51993508356
+51989196572
+51934161694
+51962289766
+51907830742
+51957261943
+51952443347
+51999881234
+51968236987
+51982276708
+51912170137
+51978168569
+51933537622
+51916852374
+51971609371
+51917939891
+51929530404
+51925846029
+51972774447
+51992856006
+51990096955
+51974113961
+51974916323
+51997675082
+51945802545
+51928711507
+51982920516
+51942835140
+51981369361
+51931116589
+51989900552
+51917816049
+51929794637
+51946051375
+51980891206
+51932248743
+51918460836
+51937499139
+51986440692
+51931762359
+51942769305
+51921143762
+51997727754
+51962349015
+51943558416
+51904487324
+51967575526
+51949271723
+51922428195
+51978669163
+51915344323
+51934992761
+51985633278
+51943519993
+51926983918
+51912024898
+51988225017
+51927498267
+51922030732
+51916606233
+51910726916
+51991825912
+51973711463
+51944035853
+51953421717
+51904106820
+51919450657
+51902219763
+51908734132
+51967403828
+51951529830
+51973001538
+51929030257
+51929175792
+51926133081
+51945441378
+51923582090
+51951753492
+51940841197
+51957195850
+51934011939
+51991786574
+51916018672
+51992881239
+51978658346
+51919050583
+51935205722
+51937348616
+51957364477
+51936052748
+51992713269
+51940398629
+51972374735
+51981005724
+51986046893
+51962432778
+51923132844
+51921133083
+51988567471
+51934350178
+51971203766
+51966650220
+51986927143
+51910198794
+51910643889
+51927144840
+51925506926
+51936338888
+51970704780
+51923723675
+51946016947
+51971946836
+51918214746
+51903050266
+51998395572
+51924023805
+51945877553
+51910352841
+51975076155
+51934782644
+51908796972
+51994460385
+51984525743
+51913967821
+51957130633
+51949898193
+51906260942
+51960897539
+51910233188
+51989132839
+51960666159
+51908957969
+51949157846
+51933742932
+51950245424
+51960900302
+51929274905
+51985463916
+51991456657
+51950345288
+51988136907
+51928094575
+51978373094
+51950653000
+51986351057
+51959735880
+51951888457
+51981240913
+51916080245
+51935206223
+51946293810
+51988641144
+51953617469
+51953668902
+51950945490
+51990059659
+51970615939
+51924956760
+51936037518
+51900938135
+51966669824
+51942695900
+51916171701
+51933987575
+51979272310
+51935847703
+51934383056
+51922361868
+51916395396
+51970369768
+51949304666
+51958340614
+51900875926
+51923074470
+51941936190
+51917644285
+51944582213
+51995409373
+51939715533
+51970524016
+51931890698
+51951892134
+51986803513
+51927435133
+51969678020
+51961104278
+51960327718
+51914852278
+51945822759
+51973783857
+51972776216
+51992346380
+51917698840
+51943082475
+51943132259
+51923185417
+51974754936
+51952198709
+51923221134
+51969627564
+51998275970
+51987694145
+51969211768
+51958477564
+51910494159
+51908693228
+51943403756
+51994116124
+51921420548
+51966708957
+51999875992
+51956431544
+51946618516
+51917821813
+51931985474
+51976184414
+51906495187
+51956309213
+51928840351
+51901980483
+51908858378
+51929363527
+51978412690
+51939822865
+51952820040
+51975331181
+51935600057
+51978541862
+51964909038
+51980058348
+51966301449
+51983876969
+51991416509
+51952344275
+51937050115
+51913193531
+51948211916
+51910975524
+51999980959
+51985104399
+51918903696
+51935104519
+51968301313
+51901899584
+51934644695
+51974601596
+51989656837
+51980787193
+51917054017
+51934928099
+51948513708
+51919756388
+51981580692
+51916421585
+51958876971
+51928420275
+51992060323
+51997772639
+51994957876
+51994264572
+51901631073
+51902078571
+51971513272
+51914142723
+51975443734
+51958825203
+51924428775
+51971667498
+51964050053
+51981488852
+51936433397
+51935373464
+51904445513
+51902847484
+51982880340
+51954771109
+51997019210
+51995142481
+51988612658
+51978615707
+51927012499
+51939212647
+51970740173
+51977617436
+51932082449
+51930749836
+51942817855
+51976401013
+51987500961
+51910927702
+51921286798
+51926499870
+51902567444
+51938935143
+51928596151
+51992300465
+51916674172
+51916821546
+51904011058
+51946442602
+51934802830
+51968122980
+51912661350
+51907281445
+51977562450
+51949809188
+51971698596
+51918037693
+51935381184
+51903313719
+51928026850
+51964021083
+51944105287
+51903300022
+51971133759
+51912080213
+51988230465
+51997675706
+51939338521
+51972957041
+51928991772
+51994574193
+51972625118
+51913969755
+51949279088
+51933951491
+51963789523
+51942069770
+51955927429
+51964340293
+51965424339
+51969181102
+51915201762
+51901874764
+51967279504
+51969862239
+51948227081
+51906864133
+51982442073
+51913831800
+51950246519
+51976408356
+51971489863
+51932380773
+51989106044
+51973214951
+51986521492
+51952380861
+51931178832
+51978519906
+51990983231
+51946918320
+51986331511
+51959273309
+51964919505
+51951781022
+51935130745
+51988172189
+51963832563
+51902590026
+51937049751
+51954005576
+51955119044
+51904850827
+51926474124
+51950524490
+51960210754
+51922914456
+51930983115
+51940135840
+51919757890
+51973587205
+51939649542
+51918505462
+51943606079
+51932910288
+51903067364
+51936679738
+51997406035
+51970997383
+51935747095
+51939831046
+51993799879
+51901676348
+51902245122
+51928504525
+51992176130
+51921412026
+51964134393
+51948864845
+51931216616
+51965632469
+51982298208
+51991459774
+51977817049
+51974480859
+51914745789
+51914480605
+51940597931
+51968875825
+51924237234
+51929575463
+51997294170
+51965224571
+51927665107
+51970509394
+51922942531
+51912756077
+51935646245
+51926075968
+51931833228
+51926081979
+51901637073
+51958123988
+51978466200
+51922388665
+51960415494
+51969490826
+51920504800
+51974812880
+51987849564
+51946116073
+51927581246
+51968136553
+51932788096
+51998267049
+51993722139
+51976313420
+51968574244
+51995218323
+51930356920
+51993333609
+51994358006
+51922887973
+51916985096
+51917352622
+51960137074
+51901269177
+51985494164
+51967616727
+51991816627
+51984220382
+51930901627
+51924350138
+51947064861
+51978962673
+51928546855
+51906511558
+51931707034
+51927921150
+51929088300
+51918979460
+51981949549
+51970329757
+51979633690
+51931852456
+51977575051
+51901898277
+51926401099
+51913372690
+51920186694
+51984675112
+51954496236
+51929933380
+51941604954
+51935162859
+51912189050
+51951910855
+51920126387
+51935235818
+51973411266
+51930963289
+51903325872
+51961620418
+51903159949
+51964858739
+51968535482
+51930480723
+51962515101
+51901765771
+51903305111
+51962007183
+51931489996
+51980794432
+51934035486
+51945362698
+51917736952
+51948338898
+51967382176
+51912806217
+51927121238
+51913507718
+51917051025
+51953187099
+51921473270
+51977208140
+51970167468
+51943359982
+51923881567
+51933126561
+51902318366
+51958506799
+51977656176
+51980500490
+51940396709
+51951298239
+51991160338
+51967211988
+51974156005
+51935885948
+51962662740
+51902856381
+51912424891
+51923315411
+51972840853
+51920164579
+51952218856
+51953346918
+51939977566
+51907093525
+51922788870
+51904818076
+51987072753
+51952849984
+51988518298
+51992220549
+51960258032
+51978633894
+51942241877
+51989056337
+51922999720
+51938264070
+51918358655
+51948556214
+51977467270
+51976479098
+51944726474
+51918876584
+51982604203
+51919630197
+51980971116
+51946342891
+51957786987
+51928573811
+51936220675
+51910985750
+51963906421
+51957992277
+51944049523
+51958347848
+51910265373
+51916424498
+51916401444
+51949877282
+51925518467
+51986921815
+51912042640
+51946945270
+51997815711
+51972654522
+51901654176
+51973106933
+51963891247
+51921534685
+51901045795
+51992338420
+51989857731
+51953800747
+51916159467
+51950614366
+51910348439
+51913952297
+51957205615
+51984099341
+51929429260
+51972856775
+51922990458
+51946316425
+51906502099
+51920494584
+51940802469
+51946166851
+51962207029
+51912553841
+51972575709
+51992332417
+51956101210
+51931576879
+51921383312
+51979457373
+51914857111
+51901426833
+51948483029
+51962793808
+51935446480
+51935441756
+51974558435
+51930732262
+51951007007
+51979872384
+51934437244
+51936861081
+51953281294
+51916109601
+51982717218
+51979373848
+51958472054
+51975494471
+51977754149
+51927744431
+51977563939
+51991486459
+51969902898
+51932920306
+51942927508
+51973034426
+51922831656
+51932877967
+51912559351
+51967057918
+51912344608
+51944201297
+51916977110
+51927266380
+51910295400
+51994044350
+51980042247
+51900527216
+51977106859
+51992911018
+51959521103
+51970726362
+51978103167
+51968086057
+51933012334
+51942312942
+51934440251
+51988509507
+51977282265
+51985293729
+51963194253
+51934715122
+51964378571
+51991156073
+51987909770
+51988814876
+51934416320
+51945459912
+51949151340
+51953870849
+51997761870
+51969747886
+51925158281
+51921152213
+51906454409
+51940312119
+51955964890
+51904615941
+51946239827
+51943463995
+51908573766
+51933515081
+51927168166
+51935235361
+51928760826
+51914471468
+51927586710
+51902094598
+51917369778
+51958526422
+51957150787
+51952025001
+51957575732
+51974732562
+51920260279
+51922055508
+51931379319
+51932346155
+51902866614
+51945205000
+51975356746
+51922509290
+51900589187
+51975772337
+51992114428
+51917120655
+51972151455
+51923709566
+51913643512
+51968154341
+51916244407
+51952975944
+51913871153
+51941131606
+51945415214
+51918369835
+51987819747
+51974973388
+51938679128
+51941237924
+51952611205
+51990609145
+51908848667
+51978532532
+51956166278
+51992683805
+51914475067
+51901696708
+51915211640
+51921387829
+51922833310
+51991831309
+51960427984
+51951262344
+51984778696
+51962539195
+51904891694
+51900771396
+51979144252
+51943669959
+51947959580
+51931693186
+51930124097
+51929222277
+51969093936
+51926493606
+51994547407
+51946565823
+51919622368
+51961275983
+51990225734
+51983333479
+51907171708
+51940380591
+51977933547
+51982675478
+51925341460
+51927869618
+51976517837
+51931565239
+51943314316
+51967246659
+51991483471
+51959859016
+51955178949
+51916040402
+51969979781
+51962963406
+51962308227
+51947153575
+51973270320
+51952962288
+51979495578
+51944629082
+51981886322
+51961602540
+51991924550
+51966338832
+51969275735
+51902190964
+51965398522
+51928294253
+51941935475
+51937348502
+51986281093
+51917988758
+51944515533
+51981044784
+51978260012
+51986721733
+51925266295
+51903108846
+51983937076
+51997776226
+51962347015
+51934624321
+51931732465
+51959437837
+51919726700
+51964864890
+51904264230
+51991597234
+51900907754
+51910493831
+51924147601
+51979451341
+51902172389
+51991166155
+51906876907
+51947274004
+51993486028
+51989220381
+51901866193
+51969888003
+51947166010
+51921379513
+51980936844
+51960627509
+51971136456
+51906787084
+51976222221
+51935523182
+51921301781
+51990130774
+51928458943
+51922746775
+51923062729
+51941486346
+51927299528
+51945047304
+51998333947
+51921931346
+51900725721
+51984248924
+51926515183
+51955240603
+51932280545
+51924588597
+51977609851
+51982521319
+51906078369
+51923927628
+51997232553
+51976121455
+51966934818
+51917417209
+51931389881
+51923054263
+51977618664
+51923357838
+51976776312
+51933647115
+51918471679
+51953282762
+51952794314
+51943368371
+51925882803
+51913121456
+51959475749
+51978755286
+51993522254
+51975531273
+51974987393
+51917165443
+51929683784
+51922162552
+51930565719
+51940747540
+51913991434
+51991496766
+51932168916
+51925649997
+51922699531
+51935231928
+51942225086
+51917926756
+51924602082
+51904193020
+51900067726
+51921835114
+51980073182
+51950357433
+51982212866
+51980190749
+51917520654
+51908529349
+51945261666
+51940805078
+51951786722
+51996042042
+51956194625
+51928718041
+51924944334
+51921283096
+51922642009
+51957482256
+51949199690
+51954930477
+51917745476
+51945598449
+51901434696
+51971077862
+51900381184
+51929637610
+51916041123
+51927293078
+51942180390
+51908931248
+51942038524
+51983496065
+51990084454
+51924128602
+51977110314
+51914138782
+51904004638
+51969320165
+51907479645
+51948796995
+51933095277
+51945502545
+51910400032
+51907311036
+51900569755
+51982964768
+51931218188
+51912885277
+51910537644
+51916736251
+51927444570
+51914812842
+51940172636
+51920368700
+51900189134
+51966881697
+51934964657
+51913608039
+51902800972
+51948084164
+51952982785
+51972972781
+51977465486
+51946691706
+51976564120
+51929922829
+51918361247
+51910450882
+51971327067
+51918780093
+51940420440
+51918537458
+51938785861
+51960916319
+51960658711
+51991577315
+51913573291
+51993605182
+51940523701
+51918445283
+51960870476
+51950461150
+51970147948
+51906253275
+51946485666
+51940414861
+51946828418
+51912427586
+51908791503
+51918986416
+51962831057
+51923948807
+51959130787
+51935083468
+51912341796
+51984865897
+51993531436
+51921258290
+51906742368
+51936643053
+51906165557
+51966859192
+51989762117
+51927238331
+51922077520
+51940259456
+51956543768
+51935667728
+51992366100
+51910305510
+51921678311
+51951084318
+51904112571
+51991805862
+51903524665
+51963986339
+51971633121
+51965004185
+51901075175
+51930872150
+51989430997
+51924255857
+51913211812
+51912598686
+51930829288
+51983030738
+51989458380
+51951778220
+51962545630
+51925258242
+51989363193
+51977876974
+51980665780
+51962527254
+51923285302
+51908791805
+51924620475
+51955594287
+51947597338
+51979747393
+51906017018
+51971704581
+51992182145
+51928360329
+51969127099
+51941341015
+51972297232
+51941635338
+51966023739
+51958119801
+51914828137
+51929057527
+51976412950
+51918029617
+51992418365
+51935752243
+51963415838
+51907989147
+51912237130
+51926500116
+51941331233
+51932181131
+51942702988
+51900567632
+51958711554
+51987000170
+51903208047
+51991980616
+51904151105
+51937876426
+51904724058
+51984126703
+51902663810
+51985984666
+51900129286
+51946491829
+51952651829
+51918916810
+51936119987
+51900697134
+51929248964
+51976432760
+51938533885
+51979392363
+51925636723
+51993452782
+51976313602
+51944228270
+51986619137
+51952407868
+51935570217
+51931305415
+51904418460
+51998261486
+51988161049
+51962662616
+51976315616
+51924140142
+51918107066
+51935482858
+51971835059
+51917365358
+51980124119
+51992820771
+51900733786
+51967756313
+51914412980
+51912055276
+51931842376
+51918279796
+51988615533
+51928087096
+51987260331
+51916286408
+51992376434
+51964385533
+51921035756
+51983496391
+51919649564
+51990491173
+51938735177
+51907665392
+51921742058
+51983582141
+51946398411
+51938101924
+51925648772
+51955566067
+51934300045
+51964838175
+51919568794
+51906321569
+51913769156
+51954716780
+51944314453
+51946999017
+51934541441
+51916585828
+51929507192
+51921444061
+51988530214
+51945165145
+51983640036
+51995598974
+51922025257
+51973630897
+51994895447
+51960997587
+51956520444
+51906134793
+51906150560
+51914745774
+51957599453
+51965808763
+51929514537
+51998011024
+51951322613
+51915935657
+51976508450
+51975737557
+51996487887
+51960518938
+51934672444
+51978489881
+51968561756
+51942813751
+51920622828
+51943162365
+51916340642
+51921218561
+51971339959
+51916819068
+51951108213
+51966500955
+51951270874
+51990413866
+51970301952
+51922337859
+51920654729
+51972671208
+51903266505
+51930889454
+51948503353
+51939740073
+51916052234
+51928180343
+51907956743
+51929983954
+51993546610
+51938701845
+51931992347
+51901891225
+51906098418
+51912749756
+51921095968
+51906958853
+51994790507
+51968685159
+51991694498
+51943040367
+51970888427
+51960477575
+51952469216
+51920027214
+51975696162
+51993074266
+51990389118
+51903170478
+51901396489
+51931156406
+51976271211
+51928549918
+51992690034
+51912098274
+51901893243
+51956278281
+51950184371
+51940397472
+51977530651
+51940468719
+51918493132
+51993892124
+51917401362
+51974099643
+51961538297
+51904538277
+51942586507
+51978476495
+51990283478
+51929012209
+51959197852
+51946650802
+51993742593
+51933202269
+51956261179
+51916811436
+51989429646
+51945688061
+51939509478
+51918064028
+51902422494
+51910943591
+51962483775
+51908783453
+51930420153
+51944041621
+51926050723
+51931047179
+51972071518
+51958983385
+51977829070
+51912930493
+51902529458
+51907310216
+51934954721
+51939884683
+51914795666
+51942423183
+51936590768
+51924043176
+51928462536
+51935380315
+51977662268
+51914296611
+51926225548
+51976412087
+51928979151
+51975490676
+51935160230
+51982063600
+51930111540
+51946607113
+51972766543
+51970382738
+51923024332
+51927564857
+51955767652
+51921147282
+51921756206
+51946238090
+51910490041
+51929547677
+51976226258
+51973333350
+51907592276
+51935472422
+51912555685
+51960628261
+51904668409
+51938995289
+51906360638
+51981637857
+51925811154
+51968255120
+51925259812
+51933969868
+51983391750
+51932585744
+51943898065
+51962005929
+51908506715
+51934547498
+51941959185
+51988089736
+51975807169
+51900662487
+51993300588
+51952010262
+51929706434
+51965628184
+51955226553
+51925275909
+51935463448
+51907716797
+51981901410
+51941909030
+51964985166
+51989423362
+51902169574
+51965991643
+51928170149
+51922250237
+51962398934
+51969173082
+51991293827
+51904269984
+51988846829
+51900357316
+51984887712
+51917018687
+51996707627
+51982827590
+51907171376
+51926064749
+51925450502
+51995632835
+51993775571
+51987185925
+51907588411
+51930826136
+51991277482
+51917365552
+51983721789
+51902310587
+51934897990
+51967076222
+51935317648
+51960461416
+51952145579
+51963036460
+51969454238
+51942280645
+51916265305
+51977633188
+51903080081
+51991791674
+51987753997
+51977616013
+51962188016
+51968967254
+51960417179
+51981475807
+51993108998
+51912074181
+51974006024
+51969711614
+51901178824
+51927415033
+51972976405
+51977234108
+51959436995
+51999690168
+51907963454
+51928919654
+51941653598
+51901051828
+51901762980
+51904815368
+51985456352
+51980309106
+51993993381
+51987977470
+51984416974
+51915112479
+51958099756
+51971686076
+51961920112
+51997827497
+51917023598
+51967662795
+51960218486
+51915972547
+51930507211
+51907671447
+51931996535
+51965002262
+51977344615
+51902562072
+51931869743
+51910970109
+51901164878
+51959318116
+51924448506
+51902164469
+51925001766
+51917816553
+51922536437
+51935311873
+51933497922
+51983885300
+51901718570
+51962807543
+51918945176
+51951458010
+51907330039
+51992925565
+51984511165
+51927199817
+51906873032
+51980410520
+51964178675
+51965704271
+51942478111
+51913918816
+51935224526
+51919161608
+51922343861
+51912012088
+51919552812
+51916008145
+51970669058
+51957713685
+51941078440
+51951155673
+51963834411
+51900231163
+51943260214
+51980776043
+51934882552
+51937496454
+51936209299
+51938151254
+51965158256
+51962215121
+51901223930
+51920567012
+51934510427
+51960426581
+51940435675
+51943765767
+51972763786
+51991610490
+51921634757
+51990361517
+51978739708
+51987809402
+51919669741
+51945082775
+51932217518
+51906935924
+51928192869
+51962096105
+51918746101
+51907212310
+51962862115
+51918963353
+51936379643
+51918261629
+51985393630
+51935283592
+51981042388
+51945279096
+51931805789
+51920825121
+51913113801
+51933267342
+51970909270
+51943748460
+51904172587
+51927228334
+51918350840
+51936930514
+51910430944
+51916419220
+51984207374
+51956039857
+51939072716
+51982043692
+51910580748
+51913966079
+51978614251
+51965425855
+51940951763
+51961644875
+51940527152
+51958618198
+51941845078
+51928082149
+51952622112
+51924124866
+51965351341
+51992614422
+51952643955
+51973170964
+51953627788
+51965152322
+51983263766
+51918776401
+51938860926
+51957309458
+51977914376
+51952578120
+51914506481
+51986985959
+51975220265
+51996969399
+51991405609
+51931458135
+51986688679
+51959265052
+51992158462
+51956643417
+51964826976
+51925745090
+51982464660
+51915201997
+51997164443
+51955735036
+51977791095
+51986070817
+51906793766
+51920572040
+51916617359
+51944182178
+51983599994
+51926871435
+51990617989
+51957724043
+51931647446
+51965307833
+51983557575
+51902866784
+51915337662
+51951823625
+51965354204
+51931004415
+51927296139
+51964297944
+51918871658
+51957446608
+51951044222
+51973074281
+51904799944
+51990685326
+51975358815
+51957100675
+51958500410
+51967219104
+51935040273
+51902770439
+51963827892
+51915242192
+51914167983
+51949818674
+51938784716
+51989236157
+51931872664
+51922280119
+51925547478
+51973338462
+51931985717
+51960366239
+51955296821
+51928965227
+51951328230
+51991424689
+51924464740
+51979017195
+51924879043
+51977661704
+51917080782
+51953595502
+51920036470
+51928362630
+51980002446
+51987639097
+51985228120
+51918121426
+51998699035
+51935546448
+51991012253
+51944249904
+51956217655
+51904256020
+51962233795
+51951442366
+51918013334
+51963047045
+51963432643
+51968320114
+51902104173
+51976576772
+51926869115
+51943935730
+51946211151
+51976346450
+51925871026
+51967969278
+51919598217
+51966798130
+51959368802
+51908550882
+51918411760
+51926897401
+51933188027
+51939141120
+51947683837
+51946333730
+51917738513
+51947267649
+51988306233
+51951420784
+51928951492
+51902517946
+51932685356
+51935788337
+51937354003
+51998254294
+51949503129
+51993308350
+51944113437
+51967341883
+51932786876
+51937397283
+51979257466
+51934064966
+51971867262
+51961493785
+51985205925
+51944157166
+51971671280
+51912698034
+51917058858
+51901412699
+51928031065
+51928497105
+51994941127
+51951776453
+51910088600
+51926624431
+51999074134
+51975325578
+51944589563
+51954708393
+51914684723
+51958752747
+51935596668
+51974658653
+51987750779
+51901290688
+51942494123
+51992015561
+51977388430
+51917007088
+51969535889
+51985019338
+51959323243
+51904782902
+51967212631
+51950776412
+51927989938
+51965085262
+51930464216
+51981499807
+51947045368
+51941038010
+51948053493
+51996672877
+51990414181
+51953818503
+51923712733
+51990113169
+51975845234
+51901261225
+51943113365
+51947208225
+51917304486
+51930896739
+51961142211
+51962283953
+51934183210
+51944995024
+51934898971
+51942984006
+51975640654
+51932711111
+51917966258
+51908954017
+51927890504
+51932666355
+51907328091
+51916070399
+51955184455
+51969950474
+51904152968
+51949436419
+51939000631
+51992413114
+51925217682
+51914143917
+51933259244
+51984565340
+51951535082
+51908525602
+51925661419
+51940691883
+51988416069
+51978795292
+51953103739
+51982319518
+51928584350
+51937342163
+51950229005
+51961359857
+51982311501
+51988342415
+51915243802
+51940529744
+51906718927
+51902300113
+51972771790
+51944081450
+51912580954
+51982206143
+51900722104
+51993890965
+51971965967
+51927289943
+51961669233
+51906838810
+51927038620
+51992576991
+51957212487
+51958967208
+51977960206
+51988739085
+51976898615
+51993105946
+51927773682
+51913989941
+51945048592
+51940147772
+51929772508
+51992730105
+51927303141
+51949505864
+51997611367
+51903176426
+51916242260
+51973090988
+51912941656
+51986533264
+51947664600
+51906528195
+51907477415
+51982874902
+51957849560
+51915910468
+51910850378
+51935207816
+51986010817
+51990675880
+51983606359
+51984935865
+51914094274
+51967179671
+51935177973
+51935501527
+51904733939
+51962484687
+51904698860
+51928867344
+51967476662
+51972207683
+51974678266
+51935848251
+51906863920
+51904069396
+51938117216
+51917846304
+51930783686
+51997886694
+51955209569
+51983861893
+51900886295
+51988050711
+51922515885
+51935624865
+51979210736
+51926513556
+51945098780
+51916874543
+51918902338
+51991099597
+51934632462
+51998414921
+51903176881
+51934275704
+51954012090
+51902255388
+51942027240
+51972708437
+51977181842
+51972908276
+51985618034
+51961259650
+51979206241
+51943469983
+51986057630
+51986857577
+51908789485
+51960817801
+51918600453
+51979269500
+51932492953
+51904328525
+51918865928
+51912199596
+51926619066
+51967148035
+51967016665
+51979790335
+51921650092
+51936196785
+51974207389
+51947704474
+51984476266
+51940849957
+51986203298
+51957723102
+51922674503
+51901225783
+51956737333
+51935827595
+51930282437
+51952912503
+51971177318
+51917285662
+51960320089
+51934858708
+51923240497
+51942974990
+51972287444
+51985545131
+51995922094
+51925734458
+51917546833
+51906134668
+51973110684
+51906256778
+51999786704
+51971450918
+51926333993
+51968750785
+51941765190
+51986706896
+51930111720
+51952740478
+51931897839
+51941121877
+51923967016
+51946444467
+51914293376
+51938437995
+51944466084
+51989110273
+51987040384
+51963417406
+51940067025
+51952432973
+51940808244
+51903245000
+51932440187
+51948997989
+51902933919
+51985525274
+51927540620
+51946864829
+51985831506
+51977847756
+51936806633
+51985938647
+51942996335
+51986315700
+51942218643
+51942691100
+51965757751
+51934736146
+51977317136
+51964317519
+51973325540
+51981833972
+51958288003
+51942684699
+51913346913
+51924379099
+51910650722
+51917363293
+51930135078
+51963828727
+51972290052
+51982485424
+51982119345
+51949272988
+51921704832
+51967854618
+51926298425
+51996096583
+51940928717
+51903093082
+51901761623
+51929450382
+51906664051
+51941597681
+51986176001
+51970428905
+51918983989
+51914812602
+51926055290
+51925712897
+51963681680
+51973282233
+51988037573
+51934821707
+51974646071
+51962961981
+51917419488
+51956295100
+51928831398
+51929175245
+51994154408
+51944391402
+51951273681
+51992600211
+51953622480
+51961110966
+51908992004
+51998896223
+51900792270
+51955741118
+51901149395
+51950543209
+51936572514
+51946025418
+51916226077
+51968190693
+51969524352
+51991602372
+51900324767
+51925326389
+51999456743
+51975521577
+51923003366
+51923014989
+51993550197
+51908690444
+51903500630
+51928278281
+51992736098
+51936546962
+51927644471
+51964241866
+51902156270
+51989190002
+51968596231
+51903511207
+51922766010
+51997771651
+51927927769
+51944239484
+51944854128
+51945165612
+51969500376
+51967361416
+51927867910
+51901608537
+51995504753
+51993545174
+51929773007
+51902290718
+51987323624
+51973576274
+51998170126
+51996982101
+51916511902
+51978252579
+51942029170
+51927435734
+51934174808
+51952277176
+51989197970
+51963443572
+51924812324
+51906451733
+51973921050
+51995194601
+51910080378
+51928941214
+51966785277
+51972888121
+51930752919
+51935454081
+51931116357
+51962370531
+51977838280
+51931001995
+51999487221
+51987361131
+51928207497
+51986292658
+51921346291
+51900618262
+51916496855
+51912798272
+51955864375
+51964369384
+51906362675
+51967399401
+51952453069
+51967415177
+51902680677
+51946707989
+51990480319
+51937350590
+51955455253
+51929073498
+51929536702
+51928185548
+51964215931
+51984965554
+51972137734
+51970317845
+51972173033
+51944207113
+51910629410
+51994148957
+51959719258
+51991888868
+51930433630
+51946323672
+51917183476
+51955567158
+51925554942
+51939744895
+51973748690
+51981285183
+51989852204
+51951766026
+51955587445
+51950988334
+51925897765
+51921908672
+51965656467
+51956852127
+51934510302
